  0 1.00 1.00 1.00
  1 0.00 0.00 0.00
  2 0.00 0.00 0.00
  3 0.00 0.00 0.00
  
 20 0.08 0.08 0.88
 21 0.08 0.18 0.88
 22 0.08 0.28 0.88
 23 0.08 0.38 0.88
 24 0.08 0.49 0.88
 25 0.08 0.59 0.88
 26 0.08 0.69 0.88
 27 0.08 0.79 0.88
 28 0.08 0.89 0.88
 29 0.16 0.89 0.80
 30 0.25 0.89 0.71
 31 0.34 0.89 0.62
 32 0.42 0.89 0.54
 33 0.51 0.89 0.45
 34 0.60 0.89 0.36
 35 0.68 0.89 0.28
 36 0.77 0.89 0.19
 37 0.85 0.89 0.11
 38 0.85 0.79 0.11
 39 0.85 0.69 0.11
 40 0.85 0.59 0.11
 41 0.85 0.49 0.11
 42 0.85 0.38 0.11
 43 0.85 0.28 0.11
